5000.00  1.80490
   5079.05  1.88233
   5159.35  1.96306
   5240.92  2.04727
   5323.77  2.13508
   5407.94  2.22667
   5493.44  2.32217
   5580.29  2.42178
   5668.52  2.52565
   5758.13  2.63399
   5849.17  2.74697
   5941.64  2.86479
   6035.58  2.98766
   6131.00  3.11580
   6227.93  3.24963
   6326.39  3.39046
   6426.41  3.53874
   6528.01  3.69352
   6631.22  3.85505
   6736.06  4.02364
   6842.55  4.19960
   6950.73  4.38324
   7060.62  4.57495
   7172.25  4.77500
   7285.64  4.98381
   7400.83  5.20176
   7517.83  5.42921
   7636.69  5.66660
   7757.42  5.91439
   7880.07  6.17298
   8004.65  6.44288
   8131.20  6.72459
   8259.76  7.01862
   8390.34  7.32547
   8522.99  7.64574
   8657.74  7.98001
   8794.62  8.32886
   8933.66  8.69294
   9074.90  9.07456
   9218.37  9.47430
   9364.11  9.89190
   9512.16  10.3279
   9662.54  10.7830
   9815.30  11.2585
   9970.48  11.7553
   10128.1  12.2741
   10288.2  12.8158
   10450.9  13.3816
   10616.1  13.9726
   10784.0  14.5899
   10954.5  15.2345
   11127.6  15.9078
   11303.6  16.6111
   11482.3  17.3456
   11663.8  18.1125
   11848.2  18.9136
   12035.5  19.7502
   12225.8  20.6240
   12419.1  21.5366
   12615.4  22.4896
   12814.9  23.4848
   13017.5  24.5243
   13223.3  25.6099
   13432.4  26.7438
   13644.7  27.9279
   13860.4  29.1642
   14079.6  30.4559
   14302.2  31.8042
   14528.3  33.2127
   14758.0  34.6834
   14991.3  36.2194
   15228.3  37.8238
   15469.1  39.4990
   15713.6  41.2487
   15962.0  43.0756
   16214.4  44.9837
   16470.8  46.9765
   16731.2  49.0574
   16995.7  51.2303
   17264.4  53.4992
   17537.3  55.8689
   17814.6  58.3437
   18096.2  60.9276
   18382.3  63.6259
   18672.9  66.4440
   18968.2  69.3869
   19268.0  72.4595
   19572.7  75.6680
   19882.1  79.0179
   20196.4  12.3010
   20515.7  12.8077
   20840.1  13.3371
   21169.6  13.8902
   21504.3  14.4681
   21844.2  15.0718
   22189.6  15.7026
   22540.4  16.3617
   22896.8  17.0503
   23258.8  17.7699
   23626.5  18.5218
   24000.0  19.3074
