2021-08-05 15:05:17   phi   phix    chi     ih     ia    tth     sh     oh     oa  astth tab1.x tab1.y
2021-08-05 15:05:17 0.000  0.000  0.000  0.000  0.000  0.000  0.000  0.000  0.000  0.000  0.000  0.000
2021-08-05 15:05:48 0.000  0.000  0.000  0.000  0.000  0.000  0.000  0.000  0.000  0.000  0.000  0.000
2021-08-05 15:16:14 0.000  0.000  0.000  0.000  0.000  0.000 -0.014  0.000  0.000  0.000  0.000  0.000
2021-08-05 15:18:24 0.000  0.000  0.000  0.007  0.000  0.000 -0.014  0.000  0.000  0.000  0.000  0.000
2021-08-05 15:19:01 0.000  0.000  0.000  0.007  0.000  0.001 -0.014  0.000  0.000  0.000  0.000  0.000
2021-08-05 15:20:29 0.000  0.000  0.000  0.007  0.000  0.001 -0.015  0.000  0.000  0.000  0.000  0.000
2021-08-05 15:21:33 0.000  0.000  0.000  0.007  0.000  0.001 -0.012  0.000  0.000  0.000  0.000  0.000
2021-08-05 15:22:37 0.000  0.000  0.000  0.008  0.000  0.001 -0.012  0.000  0.000  0.000  0.000  0.000
2021-08-05 15:23:13 0.000  0.000  0.000  0.008  0.000  0.001 -0.012  0.000  0.000  0.000  0.000  0.000
2021-08-05 15:24:40 0.000  0.000  0.000  0.008  0.000  0.001 -0.013  0.000  0.000  0.000  0.000  0.000
2021-08-05 15:25:44 0.000  0.000  0.000  0.008  0.000  0.001 -0.012  0.000  0.000  0.000  0.000  0.000
2021-08-05 16:10:58 0.000  0.000  0.000  0.011  0.000  0.001 -0.012  0.000  0.000  0.000  0.000  0.000
2021-08-05 16:11:35 0.000  0.000  0.000  0.011  0.000  0.002 -0.012  0.000  0.000  0.000  0.000  0.000
2021-08-05 16:13:25 0.000  0.000  0.000  0.011  0.000  0.002 -0.013  0.000  0.000  0.000  0.000  0.000
2021-08-05 16:14:50 0.000  0.000  0.000  0.011  0.000  0.002 -0.013  0.000  0.000  0.000  0.000  0.000
2021-08-05 16:41:49 0.000  0.000  0.000  0.013  0.000  0.002 -0.013  0.000  0.000  0.000  0.000  0.000
2021-08-05 16:42:25 0.000  0.000  0.000  0.013  0.000  0.002 -0.013  0.000  0.000  0.000  0.000  0.000
2021-08-05 16:44:15 0.000  0.000  0.000  0.013  0.000  0.002 -0.014  0.000  0.000  0.000  0.000  0.000
2021-08-05 16:45:40 0.000  0.000  0.000  0.013  0.000  0.002 -0.012  0.000  0.000  0.000  0.000  0.000
2021-08-05 18:03:03 0.000  0.000  0.008 -0.001  0.003  0.002 -0.012  0.000  0.000  0.000  0.000  0.000
2021-08-05 18:01:482021-08-05 18:03:10 0.000  0.000  0.008 -0.001  0.003  0.002 -0.049  0.000  0.000  0.000  0.000  0.000
2021-08-05 18:03:14 0.000  0.000  0.008 -0.001  0.003  0.002 -0.049 -0.077  0.000  0.000  0.000  0.000
2021-08-05 18:03:17 0.000  0.000  0.008 -0.001  0.003  0.002 -0.049 -0.077 -0.003  0.000  0.000  0.000
2021-08-05 18:05:11 0.000  0.000  0.008 -0.001  0.003  0.002 -0.049 -0.077  0.003  0.000  0.000  0.000
2021-08-05 18:05:14 0.000  0.000  0.008 -0.001  0.003  0.002 -0.049  0.077  0.003  0.000  0.000  0.000
2021-08-05 18:05:17 0.000  0.000  0.008 -0.001  0.003  0.002  0.026  0.077  0.003  0.000  0.000  0.000
2021-08-05 18:05:21 0.000  0.000  0.008 -0.001 -0.003  0.002  0.026  0.077  0.003  0.000  0.000  0.000
2021-08-05 18:05:39 0.000  0.000  0.008  0.028 -0.003  0.002  0.026  0.077  0.003  0.000  0.000  0.000
2021-08-05 18:05:51 0.000  0.000 -0.008  0.028 -0.003  0.002  0.026  0.077  0.003  0.000  0.000  0.000
2021-08-05 18:02:122021-08-05 18:10:02 0.000  0.000 -0.008  0.028 -0.003  0.002  0.021  0.077  0.003  0.000  0.000  0.000
2021-08-05 18:16:40 0.000  0.000 -0.008  0.028 -0.003  0.002  0.026  0.077  0.003  0.000  0.000  0.000
2021-08-05 21:26:21 0.000  0.000 -0.008  0.028 -0.003  0.002  0.013  0.077  0.003  0.000  0.000  0.000
2021-08-05 22:13:53 0.000  0.000 -0.008  0.038 -0.003  0.002  0.013  0.077  0.003  0.000  0.000  0.000
2021-08-05 22:15:09 0.000  0.000 -0.008  0.038 -0.003  0.002  0.022  0.077  0.003  0.000  0.000  0.000
2021-08-05 22:56:26 0.000  0.000 -0.008  0.037 -0.003  0.002  0.022  0.077  0.003  0.000  0.000  0.000
2021-08-05 22:57:02 0.000  0.000 -0.008  0.037 -0.003  0.005  0.022  0.077  0.003  0.000  0.000  0.000
2021-08-05 22:58:32 0.000  0.000 -0.008  0.037 -0.003  0.005 -0.179  0.077  0.003  0.000  0.000  0.000
2021-08-05 22:59:36 0.000  0.000 -0.008  0.037 -0.003  0.005 -0.165  0.077  0.003  0.000  0.000  0.000
2021-08-05 23:09:05 0.000  0.000 -0.008  0.037 -0.003  0.005 -0.138  0.077  0.003  0.000  0.000  0.000
2021-08-05 23:12:56 0.000  0.000 -0.008  0.037 -0.003  0.005 -0.184  0.077  0.003  0.000  0.000  0.000
2021-08-05 23:14:06 0.000  0.000 -0.008  0.037 -0.003  0.005 -0.160  0.077  0.003  0.000  0.000  0.000
2021-08-05 23:28:44 0.000  0.000 -0.008  0.037 -0.003  0.005 -0.140  0.077  0.003  0.000  0.000  0.000
2021-08-05 23:44:03 0.000  0.000 -0.008  0.037 -0.003  0.005 -0.146  0.077  0.003  0.000  0.000  0.000
2021-08-05 23:58:34 0.000  0.000 -0.008  0.039 -0.003  0.005 -0.146  0.077  0.003  0.000  0.000  0.000
2021-08-05 23:59:33 0.000  0.000 -0.008  0.039 -0.003  0.005 -0.146  0.077  0.003  0.000  0.000  0.000
2021-08-06 00:00:50 0.000  0.000 -0.008  0.039 -0.003  0.005 -0.145  0.077  0.003  0.000  0.000  0.000
2021-08-06 09:49:40 0.000  0.000 -0.008  0.039 -0.003  0.005 -0.091  0.077  0.003  0.000  0.000  0.000
2021-08-06 09:54:00 0.000  0.000 -0.008  0.039 -0.003  0.005  0.059  0.077  0.003  0.000  0.000  0.000
2021-08-06 09:55:08 0.000  0.000 -0.008  0.039 -0.003  0.005  0.016  0.077  0.003  0.000  0.000  0.000
2021-08-06 10:01:57 0.000  0.000 -0.008  0.039 -0.003  0.005  0.076  0.077  0.003  0.000  0.000  0.000
2021-08-06 10:14:26 0.000  0.000 -0.008  0.039 -0.003  0.005  0.066  0.077  0.003  0.000  0.000  0.000
2021-08-06 10:16:50 0.000  0.000 -0.008  0.027 -0.003  0.005  0.066  0.077  0.003  0.000  0.000  0.000
2021-08-06 10:17:27 0.000  0.000 -0.008  0.027 -0.003  0.009  0.066  0.077  0.003  0.000  0.000  0.000
2021-08-06 10:18:55 0.000  0.000 -0.008  0.027 -0.003  0.009  0.064  0.077  0.003  0.000  0.000  0.000
2021-08-06 10:19:59 0.000  0.000 -0.008  0.027 -0.003  0.009  0.041  0.077  0.003  0.000  0.000  0.000
2021-08-06 11:16:04 0.000  0.000 -0.008  0.027 -0.003  0.009  0.043  0.077  0.003  0.000  0.000  0.000
2021-08-06 11:17:13 0.000  0.000 -0.008  0.027 -0.003  0.009  0.084  0.077  0.003  0.000  0.000  0.000
2021-08-06 11:22:10 0.000  0.000 -0.008  0.027 -0.003  0.009  0.074  0.077  0.003  0.000  0.000  0.000
2021-08-06 11:24:02 0.000  0.000 -0.008  0.027 -0.003  0.009  0.055  0.077  0.003  0.000  0.000  0.000
2021-08-06 11:25:33 0.000  0.000 -0.008  0.027 -0.003  0.009 -0.745  0.077  0.003  0.000  0.000  0.000
2021-08-06 11:26:44 0.000  0.000 -0.008  0.027 -0.003  0.009 -0.712  0.077  0.003  0.000  0.000  0.000
2021-08-06 11:28:53 0.000  0.000 -0.008  0.027 -0.003  0.009 -0.099  0.077  0.003  0.000  0.000  0.000
2021-08-06 11:30:26 0.000  0.000 -0.008  0.027 -0.003  0.009  0.099  0.077  0.003  0.000  0.000  0.000
2021-08-06 11:33:43 0.000  0.000 -0.008  0.027 -0.003  0.009  0.013  0.077  0.003  0.000  0.000  0.000
2021-08-06 11:34:50 0.000  0.000 -0.008  0.027 -0.003  0.009 -0.063  0.077  0.003  0.000  0.000  0.000
2021-08-06 11:35:59 0.000  0.000 -0.008  0.027 -0.003  0.009 -0.085  0.077  0.003  0.000  0.000  0.000
2021-08-06 11:50:30 0.000  0.000 -0.008  0.039 -0.003  0.009 -0.085  0.077  0.003  0.000  0.000  0.000
2021-08-06 11:51:06 0.000  0.000 -0.008  0.039 -0.003  0.009 -0.085  0.077  0.003  0.000  0.000  0.000
2021-08-06 11:52:36 0.000  0.000 -0.008  0.039 -0.003  0.009  0.114  0.077  0.003  0.000  0.000  0.000
2021-08-06 11:53:39 0.000  0.000 -0.008  0.039 -0.003  0.009  0.092  0.077  0.003  0.000  0.000  0.000
2021-08-06 12:03:33 0.000  0.000 -0.008  0.040 -0.003  0.009  0.092  0.077  0.003  0.000  0.000  0.000
2021-08-06 12:04:10 0.000  0.000 -0.008  0.040 -0.003  0.009  0.092  0.077  0.003  0.000  0.000  0.000
2021-08-06 12:05:41 0.000  0.000 -0.008  0.040 -0.003  0.009  0.091  0.077  0.003  0.000  0.000  0.000
2021-08-06 12:06:44 0.000  0.000 -0.008  0.040 -0.003  0.009  0.084  0.077  0.003  0.000  0.000  0.000
2021-08-06 12:26:01 0.000  0.000 -0.008  0.042 -0.003  0.009  0.084  0.077  0.003  0.000  0.000  0.000
2021-08-06 12:26:37 0.000  0.000 -0.008  0.042 -0.003  0.009  0.084  0.077  0.003  0.000  0.000  0.000
2021-08-06 12:28:06 0.000  0.000 -0.008  0.042 -0.003  0.009  0.083  0.077  0.003  0.000  0.000  0.000
2021-08-06 12:29:10 0.000  0.000 -0.008  0.042 -0.003  0.009  0.090  0.077  0.003  0.000  0.000  0.000
2021-08-06 12:41:23 0.000  0.000 -0.008  0.044 -0.003  0.009  0.090  0.077  0.003  0.000  0.000  0.000
2021-08-06 12:41:59 0.000  0.000 -0.008  0.044 -0.003  0.009  0.090  0.077  0.003  0.000  0.000  0.000
2021-08-06 12:43:28 0.000  0.000 -0.008  0.044 -0.003  0.009  0.089  0.077  0.003  0.000  0.000  0.000
2021-08-06 12:44:30 0.000  0.000 -0.008  0.044 -0.003  0.009  0.084  0.077  0.003  0.000  0.000  0.000
2021-08-06 12:56:43 0.000  0.000 -0.008  0.045 -0.003  0.009  0.084  0.077  0.003  0.000  0.000  0.000
2021-08-06 12:57:19 0.000  0.000 -0.008  0.045 -0.003  0.009  0.084  0.077  0.003  0.000  0.000  0.000
2021-08-06 12:58:49 0.000  0.000 -0.008  0.045 -0.003  0.009  0.083  0.077  0.003  0.000  0.000  0.000
2021-08-06 12:59:53 0.000  0.000 -0.008  0.045 -0.003  0.009  0.113  0.077  0.003  0.000  0.000  0.000
2021-08-06 13:12:02 0.000  0.000 -0.008  0.047 -0.003  0.009  0.113  0.077  0.003  0.000  0.000  0.000
2021-08-06 13:12:39 0.000  0.000 -0.008  0.047 -0.003  0.009  0.113  0.077  0.003  0.000  0.000  0.000
2021-08-06 13:14:08 0.000  0.000 -0.008  0.047 -0.003  0.009 -0.004  0.077  0.003  0.000  0.000  0.000
2021-08-06 13:15:11 0.000  0.000 -0.008  0.047 -0.003  0.009 -0.032  0.077  0.003  0.000  0.000  0.000
2021-08-06 13:57:58 0.000  0.000 -0.008  0.051 -0.003  0.009 -0.032  0.077  0.003  0.000  0.000  0.000
2021-08-06 13:58:35 0.000  0.000 -0.008  0.051 -0.003  0.008 -0.032  0.077  0.003  0.000  0.000  0.000
2021-08-06 14:02:12 0.000  0.000 -0.008  0.051 -0.003  0.008  0.066  0.077  0.003  0.000  0.000  0.000
2021-08-06 14:03:16 0.000  0.000 -0.008  0.051 -0.003  0.008  0.088  0.077  0.003  0.000  0.000  0.000
2021-08-06 14:16:30 0.000  0.000 -0.008  0.052 -0.003  0.008  0.088  0.077  0.003  0.000  0.000  0.000
2021-08-06 14:17:06 0.000  0.000 -0.008  0.052 -0.003  0.009  0.088  0.077  0.003  0.000  0.000  0.000
2021-08-06 14:18:36 0.000  0.000 -0.008  0.052 -0.003  0.009  0.087  0.077  0.003  0.000  0.000  0.000
2021-08-06 14:19:39 0.000  0.000 -0.008  0.052 -0.003  0.009  0.085  0.077  0.003  0.000  0.000  0.000
2021-08-06 14:40:26 0.000  0.000 -0.008  0.052 -0.003  0.009  0.085  0.077  0.003  0.002  0.000  0.000
2021-08-06 15:04:39 0.000  0.000 -0.008  0.052 -0.003  0.009  0.084  0.077  0.003  0.002  0.000  0.000
2021-08-06 15:05:43 0.000  0.000 -0.008  0.052 -0.003  0.009  0.090  0.077  0.003  0.002  0.000  0.000
2021-08-06 15:07:37 0.000  0.000 -0.008  0.052 -0.003  0.009  0.089  0.077  0.003  0.002  0.000  0.000
2021-08-06 15:08:41 0.000  0.000 -0.008  0.052 -0.003  0.009  0.090  0.077  0.003  0.002  0.000  0.000
2021-08-06 15:32:01 0.000  0.000 -0.008  0.052 -0.003  0.009  0.088  0.077  0.003  0.002  0.000  0.000
2021-08-06 15:33:03 0.000  0.000 -0.008  0.052 -0.003  0.009  0.087  0.077  0.003  0.002  0.000  0.000
2021-08-06 15:35:45 0.000  0.000 -0.008  0.052 -0.003  0.009  0.086  0.077  0.003  0.002  0.000  0.000
2021-08-06 15:36:49 0.000  0.000 -0.008  0.052 -0.003  0.009  0.088  0.077  0.003  0.002  0.000  0.000
2021-08-06 15:39:27 0.000  0.000 -0.008  0.052 -0.003  0.009  0.087  0.077  0.003  0.002  0.000  0.000
2021-08-06 15:40:31 0.000  0.000 -0.008  0.052 -0.003  0.009  0.089  0.077  0.003  0.002  0.000  0.000
2021-08-06 15:43:10 0.000  0.000 -0.008  0.052 -0.003  0.009  0.088  0.077  0.003  0.002  0.000  0.000
2021-08-06 15:44:14 0.000  0.000 -0.008  0.052 -0.003  0.009  0.088  0.077  0.003  0.002  0.000  0.000
2021-08-06 16:21:37 0.000  0.000 -0.008  0.052 -0.003  0.009  0.187  0.077  0.003  0.002  0.000  0.000
2021-08-06 16:23:34 0.000  0.000 -0.008  0.052 -0.003  0.009  0.177  0.077  0.003  0.002  0.000  0.000
2021-08-06 16:49:56 0.000  0.000 -0.008  0.056 -0.003  0.009  0.177  0.077  0.003  0.002  0.000  0.000
2021-08-06 16:50:32 0.000  0.000 -0.008  0.056 -0.003  0.004  0.177  0.077  0.003  0.002  0.000  0.000
2021-08-06 16:52:03 0.000  0.000 -0.008  0.056 -0.003  0.004  0.135  0.077  0.003  0.002  0.000  0.000
2021-08-06 16:53:05 0.000  0.000 -0.008  0.056 -0.003  0.004  0.131  0.077  0.003  0.002  0.000  0.000
2021-08-06 17:08:03 0.000  0.000 -0.008  0.056 -0.003  0.004  0.131  0.077  0.003  0.002  0.000  0.000
2021-08-06 17:08:40 0.000  0.000 -0.008  0.056 -0.003  0.004  0.131  0.077  0.003  0.002  0.000  0.000
2021-08-06 17:10:10 0.000  0.000 -0.008  0.056 -0.003  0.004  0.131  0.077  0.003  0.002  0.000  0.000
2021-08-06 17:11:14 0.000  0.000 -0.008  0.056 -0.003  0.004  0.167  0.077  0.003  0.002  0.000  0.000
2021-08-06 17:26:09 0.000  0.000 -0.008  0.057 -0.003  0.004  0.167  0.077  0.003  0.002  0.000  0.000
2021-08-06 17:26:46 0.000  0.000 -0.008  0.057 -0.003  0.004  0.167  0.077  0.003  0.002  0.000  0.000
2021-08-06 17:28:14 0.000  0.000 -0.008  0.057 -0.003  0.004  0.165  0.077  0.003  0.002  0.000  0.000
2021-08-06 17:29:17 0.000  0.000 -0.008  0.057 -0.003  0.004  0.137  0.077  0.003  0.002  0.000  0.000
2021-08-06 17:44:10 0.000  0.000 -0.008  0.056 -0.003  0.004  0.137  0.077  0.003  0.002  0.000  0.000
2021-08-06 17:44:45 0.000  0.000 -0.008  0.056 -0.003  0.004  0.137  0.077  0.003  0.002  0.000  0.000
2021-08-06 17:46:15 0.000  0.000 -0.008  0.056 -0.003  0.004 -0.058  0.077  0.003  0.002  0.000  0.000
2021-08-06 17:47:19 0.000  0.000 -0.008  0.056 -0.003  0.004 -0.021  0.077  0.003  0.002  0.000  0.000
2021-08-06 18:16:45 0.000  0.000 -0.008  0.057 -0.003  0.004 -0.021  0.077  0.003  0.002  0.000  0.000
2021-08-06 18:17:21 0.000  0.000 -0.008  0.057 -0.003  0.003 -0.021  0.077  0.003  0.002  0.000  0.000
2021-08-06 18:18:52 0.000  0.000 -0.008  0.057 -0.003  0.003  0.078  0.077  0.003  0.002  0.000  0.000
2021-08-06 18:19:56 0.000  0.000 -0.008  0.057 -0.003  0.003  0.113  0.077  0.003  0.002  0.000  0.000
2021-08-06 18:34:52 0.000  0.000 -0.008  0.057 -0.003  0.003  0.113  0.077  0.003  0.002  0.000  0.000
2021-08-06 18:35:29 0.000  0.000 -0.008  0.057 -0.003  0.003  0.113  0.077  0.003  0.002  0.000  0.000
2021-08-06 18:36:59 0.000  0.000 -0.008  0.057 -0.003  0.003  0.113  0.077  0.003  0.002  0.000  0.000
2021-08-06 18:38:03 0.000  0.000 -0.008  0.057 -0.003  0.003  0.146  0.077  0.003  0.002  0.000  0.000
2021-08-06 18:52:57 0.000  0.000 -0.008  0.057 -0.003  0.003  0.146  0.077  0.003  0.002  0.000  0.000
2021-08-06 18:53:34 0.000  0.000 -0.008  0.057 -0.003  0.003  0.146  0.077  0.003  0.002  0.000  0.000
2021-08-06 18:55:02 0.000  0.000 -0.008  0.057 -0.003  0.003  0.144  0.077  0.003  0.002  0.000  0.000
2021-08-06 18:56:04 0.000  0.000 -0.008  0.057 -0.003  0.003  0.117  0.077  0.003  0.002  0.000  0.000
2021-08-06 19:10:56 0.000  0.000 -0.008  0.057 -0.003  0.003  0.117  0.077  0.003  0.002  0.000  0.000
2021-08-06 19:11:33 0.000  0.000 -0.008  0.057 -0.003  0.003  0.117  0.077  0.003  0.002  0.000  0.000
2021-08-06 19:13:03 0.000  0.000 -0.008  0.057 -0.003  0.003 -0.077  0.077  0.003  0.002  0.000  0.000
2021-08-06 19:14:06 0.000  0.000 -0.008  0.057 -0.003  0.003 -0.041  0.077  0.003  0.002  0.000  0.000
2021-08-06 19:44:22 0.000  0.000 -0.008  0.055 -0.003  0.003 -0.041  0.077  0.003  0.002  0.000  0.000
2021-08-06 19:44:58 0.000  0.000 -0.008  0.055 -0.003  0.003 -0.041  0.077  0.003  0.002  0.000  0.000
2021-08-06 19:46:28 0.000  0.000 -0.008  0.055 -0.003  0.003  0.065  0.077  0.003  0.002  0.000  0.000
2021-08-06 19:47:32 0.000  0.000 -0.008  0.055 -0.003  0.003  0.105  0.077  0.003  0.002  0.000  0.000
2021-08-06 20:02:24 0.000  0.000 -0.008  0.056 -0.003  0.003  0.105  0.077  0.003  0.002  0.000  0.000
2021-08-06 20:03:00 0.000  0.000 -0.008  0.056 -0.003  0.002  0.105  0.077  0.003  0.002  0.000  0.000
2021-08-06 20:04:30 0.000  0.000 -0.008  0.056 -0.003  0.002  0.105  0.077  0.003  0.002  0.000  0.000
2021-08-06 20:05:34 0.000  0.000 -0.008  0.056 -0.003  0.002  0.141  0.077  0.003  0.002  0.000  0.000
2021-08-06 20:20:29 0.000  0.000 -0.008  0.056 -0.003  0.002  0.141  0.077  0.003  0.002  0.000  0.000
2021-08-06 20:21:06 0.000  0.000 -0.008  0.056 -0.003  0.002  0.141  0.077  0.003  0.002  0.000  0.000
2021-08-06 20:22:35 0.000  0.000 -0.008  0.056 -0.003  0.002  0.139  0.077  0.003  0.002  0.000  0.000
2021-08-06 20:23:38 0.000  0.000 -0.008  0.056 -0.003  0.002  0.111  0.077  0.003  0.002  0.000  0.000
2021-08-06 20:38:35 0.000  0.000 -0.008  0.056 -0.003  0.002  0.111  0.077  0.003  0.002  0.000  0.000
2021-08-06 20:39:11 0.000  0.000 -0.008  0.056 -0.003  0.002  0.111  0.077  0.003  0.002  0.000  0.000
2021-08-06 20:40:41 0.000  0.000 -0.008  0.056 -0.003  0.002 -0.068  0.077  0.003  0.002  0.000  0.000
2021-08-06 20:41:45 0.000  0.000 -0.008  0.056 -0.003  0.002 -0.043  0.077  0.003  0.002  0.000  0.000
2021-08-06 21:31:31 0.000  0.000 -0.008  0.056 -0.003  0.002 -0.048  0.077  0.003  0.002  0.000  0.000
2021-08-06 21:33:08 0.000  0.000 -0.008  0.056 -0.003  0.002 -0.050  0.077  0.003  0.002  0.000  0.000
2021-08-06 21:39:18 0.000  0.000 -0.008  0.056 -0.003  0.002 -0.051  0.077  0.003  0.002  0.000  0.000
2021-08-06 21:43:16 0.000  0.000 -0.008  0.056 -0.003  0.002  0.147  0.077  0.003  0.002  0.000  0.000
2021-08-06 21:48:25 0.000  0.000 -0.008  0.056 -0.003  0.002  0.103  0.077  0.003  0.002  0.000  0.000
2021-08-06 21:52:16 0.000  0.000 -0.008  0.056 -0.003  0.002  0.102  0.077  0.003  0.002  0.000  0.000
2021-08-06 21:55:30 0.000  0.000 -0.008  0.053 -0.003  0.002  0.102  0.077  0.003  0.002  0.000  0.000
2021-08-06 21:56:06 0.000  0.000 -0.008  0.053 -0.003  0.002  0.102  0.077  0.003  0.002  0.000  0.000
2021-08-06 21:57:35 0.000  0.000 -0.008  0.053 -0.003  0.002  0.100  0.077  0.003  0.002  0.000  0.000
2021-08-06 21:58:38 0.000  0.000 -0.008  0.053 -0.003  0.002  0.078  0.077  0.003  0.002  0.000  0.000
2021-08-06 22:13:34 0.000  0.000 -0.008  0.053 -0.003  0.002  0.078  0.077  0.003  0.002  0.000  0.000
2021-08-06 22:14:10 0.000  0.000 -0.008  0.053 -0.003  0.002  0.078  0.077  0.003  0.002  0.000  0.000
2021-08-06 22:15:39 0.000  0.000 -0.008  0.053 -0.003  0.002  0.077  0.077  0.003  0.002  0.000  0.000
2021-08-06 22:16:42 0.000  0.000 -0.008  0.053 -0.003  0.002  0.084  0.077  0.003  0.002  0.000  0.000
2021-08-06 22:31:37 0.000  0.000 -0.008  0.053 -0.003  0.002  0.084  0.077  0.003  0.002  0.000  0.000
2021-08-06 22:32:13 0.000  0.000 -0.008  0.053 -0.003  0.001  0.084  0.077  0.003  0.002  0.000  0.000
2021-08-06 22:33:42 0.000  0.000 -0.008  0.053 -0.003  0.001  0.083  0.077  0.003  0.002  0.000  0.000
2021-08-06 22:34:46 0.000  0.000 -0.008  0.053 -0.003  0.001  0.103  0.077  0.003  0.002  0.000  0.000
2021-08-06 22:49:40 0.000  0.000 -0.008  0.053 -0.003  0.001  0.103  0.077  0.003  0.002  0.000  0.000
2021-08-06 22:50:16 0.000  0.000 -0.008  0.053 -0.003  0.001  0.103  0.077  0.003  0.002  0.000  0.000
2021-08-06 22:51:47 0.000  0.000 -0.008  0.053 -0.003  0.001 -0.098  0.077  0.003  0.002  0.000  0.000
2021-08-06 22:52:51 0.000  0.000 -0.008  0.053 -0.003  0.001 -0.088  0.077  0.003  0.002  0.000  0.000
2021-08-06 23:16:15 0.000  0.000 -0.008  0.053 -0.003  0.001 -0.088  0.077  0.003  0.002  0.000  0.000
2021-08-06 23:16:52 0.000  0.000 -0.008  0.053 -0.003  0.002 -0.088  0.077  0.003  0.002  0.000  0.000
2021-08-06 23:18:22 0.000  0.000 -0.008  0.053 -0.003  0.002  0.015  0.077  0.003  0.002  0.000  0.000
2021-08-06 23:19:26 0.000  0.000 -0.008  0.053 -0.003  0.002  0.054  0.077  0.003  0.002  0.000  0.000
2021-08-06 23:34:20 0.000  0.000 -0.008  0.052 -0.003  0.002  0.054  0.077  0.003  0.002  0.000  0.000
2021-08-06 23:34:55 0.000  0.000 -0.008  0.052 -0.003  0.002  0.054  0.077  0.003  0.002  0.000  0.000
2021-08-06 23:36:26 0.000  0.000 -0.008  0.052 -0.003  0.002  0.053  0.077  0.003  0.002  0.000  0.000
2021-08-06 23:37:30 0.000  0.000 -0.008  0.052 -0.003  0.002  0.066  0.077  0.003  0.002  0.000  0.000
2021-08-06 23:52:22 0.000  0.000 -0.008  0.052 -0.003  0.002  0.066  0.077  0.003  0.002  0.000  0.000
2021-08-06 23:52:59 0.000  0.000 -0.008  0.052 -0.003  0.002  0.066  0.077  0.003  0.002  0.000  0.000
2021-08-06 23:54:29 0.000  0.000 -0.008  0.052 -0.003  0.002  0.065  0.077  0.003  0.002  0.000  0.000
2021-08-06 23:55:34 0.000  0.000 -0.008  0.052 -0.003  0.002  0.084  0.077  0.003  0.002  0.000  0.000
2021-08-07 00:10:27 0.000  0.000 -0.008  0.053 -0.003  0.002  0.084  0.077  0.003  0.002  0.000  0.000
2021-08-07 00:11:04 0.000  0.000 -0.008  0.053 -0.003  0.002  0.084  0.077  0.003  0.002  0.000  0.000
2021-08-07 00:12:34 0.000  0.000 -0.008  0.053 -0.003  0.002 -0.117  0.077  0.003  0.002  0.000  0.000
2021-08-07 00:13:39 0.000  0.000 -0.008  0.053 -0.003  0.002 -0.098  0.077  0.003  0.002  0.000  0.000
2021-08-07 00:36:42 0.000  0.000 -0.008  0.052 -0.003  0.002 -0.098  0.077  0.003  0.002  0.000  0.000
2021-08-07 00:37:19 0.000  0.000 -0.008  0.052 -0.003  0.002 -0.098  0.077  0.003  0.002  0.000  0.000
2021-08-07 00:38:49 0.000  0.000 -0.008  0.052 -0.003  0.002  0.004  0.077  0.003  0.002  0.000  0.000
2021-08-07 00:39:53 0.000  0.000 -0.008  0.052 -0.003  0.002  0.044  0.077  0.003  0.002  0.000  0.000
2021-08-07 00:54:47 0.000  0.000 -0.008  0.052 -0.003  0.002  0.044  0.077  0.003  0.002  0.000  0.000
2021-08-07 00:55:24 0.000  0.000 -0.008  0.052 -0.003  0.002  0.044  0.077  0.003  0.002  0.000  0.000
2021-08-07 00:56:54 0.000  0.000 -0.008  0.052 -0.003  0.002  0.043  0.077  0.003  0.002  0.000  0.000
2021-08-07 00:57:59 0.000  0.000 -0.008  0.052 -0.003  0.002  0.058  0.077  0.003  0.002  0.000  0.000
2021-08-07 01:12:54 0.000  0.000 -0.008  0.052 -0.003  0.002  0.058  0.077  0.003  0.002  0.000  0.000
2021-08-07 01:13:30 0.000  0.000 -0.008  0.052 -0.003  0.002  0.058  0.077  0.003  0.002  0.000  0.000
2021-08-07 01:15:00 0.000  0.000 -0.008  0.052 -0.003  0.002  0.057  0.077  0.003  0.002  0.000  0.000
2021-08-07 01:16:04 0.000  0.000 -0.008  0.052 -0.003  0.002  0.081  0.077  0.003  0.002  0.000  0.000
2021-08-07 01:30:56 0.000  0.000 -0.008  0.052 -0.003  0.002  0.081  0.077  0.003  0.002  0.000  0.000
2021-08-07 01:31:32 0.000  0.000 -0.008  0.052 -0.003  0.001  0.081  0.077  0.003  0.002  0.000  0.000
2021-08-07 01:33:03 0.000  0.000 -0.008  0.052 -0.003  0.001 -0.120  0.077  0.003  0.002  0.000  0.000
2021-08-07 01:34:07 0.000  0.000 -0.008  0.052 -0.003  0.001 -0.093  0.077  0.003  0.002  0.000  0.000
2021-08-07 10:35:04 0.000  0.000 -0.008  0.052 -0.003  0.001 -0.087  0.077  0.003  0.002  0.000  0.000
2021-08-07 10:37:09 0.000  0.000 -0.008  0.052 -0.003  0.001 -0.087  0.077  0.003  0.002  0.000  0.000
2021-08-07 10:44:58 0.000  0.000 -0.008  0.052 -0.003  0.001  0.113  0.077  0.003  0.002  0.000  0.000
2021-08-07 10:51:39 0.000  0.000 -0.008  0.052 -0.003  0.001  0.112  0.077  0.003  0.002  0.000  0.000
2021-08-07 10:56:10 0.000  0.000 -0.008  0.052 -0.003  0.001  0.111  0.077  0.003  0.002  0.000  0.000
2021-08-07 11:03:10 0.000  0.000 -0.008  0.052 -0.003  0.001 -0.090  0.077  0.003  0.002  0.000  0.000
2021-08-07 11:08:28 0.000  0.000 -0.008  0.044 -0.003  0.001 -0.090  0.077  0.003  0.002  0.000  0.000
2021-08-07 11:09:04 0.000  0.000 -0.008  0.044 -0.003  0.002 -0.090  0.077  0.003  0.002  0.000  0.000
2021-08-07 11:10:34 0.000  0.000 -0.008  0.044 -0.003  0.002  0.109  0.077  0.003  0.002  0.000  0.000
2021-08-07 11:11:39 0.000  0.000 -0.008  0.044 -0.003  0.002  0.116  0.077  0.003  0.002  0.000  0.000
2021-08-07 11:26:33 0.000  0.000 -0.008  0.046 -0.003  0.002  0.116  0.077  0.003  0.002  0.000  0.000
2021-08-07 11:27:10 0.000  0.000 -0.008  0.046 -0.003  0.002  0.116  0.077  0.003  0.002  0.000  0.000
2021-08-07 11:28:39 0.000  0.000 -0.008  0.046 -0.003  0.002  0.114  0.077  0.003  0.002  0.000  0.000
2021-08-07 11:29:42 0.000  0.000 -0.008  0.046 -0.003  0.002  0.086  0.077  0.003  0.002  0.000  0.000
2021-08-07 11:44:36 0.000  0.000 -0.008  0.048 -0.003  0.002  0.086  0.077  0.003  0.002  0.000  0.000
2021-08-07 11:45:13 0.000  0.000 -0.008  0.048 -0.003  0.002  0.086  0.077  0.003  0.002  0.000  0.000
2021-08-07 11:46:42 0.000  0.000 -0.008  0.048 -0.003  0.002  0.084  0.077  0.003  0.002  0.000  0.000
2021-08-07 11:47:46 0.000  0.000 -0.008  0.048 -0.003  0.002  0.103  0.077  0.003  0.002  0.000  0.000
2021-08-07 12:02:37 0.000  0.000 -0.008  0.049 -0.003  0.002  0.103  0.077  0.003  0.002  0.000  0.000
2021-08-07 12:03:14 0.000  0.000 -0.008  0.049 -0.003  0.001  0.103  0.077  0.003  0.002  0.000  0.000
2021-08-07 12:04:44 0.000  0.000 -0.008  0.049 -0.003  0.001 -0.098  0.077  0.003  0.002  0.000  0.000
2021-08-07 12:05:48 0.000  0.000 -0.008  0.049 -0.003  0.001 -0.093  0.077  0.003  0.002  0.000  0.000
2021-08-07 12:32:24 0.000  0.000 -0.008  0.050 -0.003  0.001 -0.093  0.077  0.003  0.002  0.000  0.000
2021-08-07 12:33:01 0.000  0.000 -0.008  0.050 -0.003  0.002 -0.093  0.077  0.003  0.002  0.000  0.000
2021-08-07 12:34:31 0.000  0.000 -0.008  0.050 -0.003  0.002  0.106  0.077  0.003  0.002  0.000  0.000
2021-08-07 12:35:34 0.000  0.000 -0.008  0.050 -0.003  0.002  0.083  0.077  0.003  0.002  0.000  0.000
2021-08-07 12:50:30 0.000  0.000 -0.008  0.052 -0.003  0.002  0.083  0.077  0.003  0.002  0.000  0.000
2021-08-07 12:51:08 0.000  0.000 -0.008  0.052 -0.003  0.001  0.083  0.077  0.003  0.002  0.000  0.000
2021-08-07 12:52:36 0.000  0.000 -0.008  0.052 -0.003  0.001  0.081  0.077  0.003  0.002  0.000  0.000
2021-08-07 12:53:39 0.000  0.000 -0.008  0.052 -0.003  0.001  0.059  0.077  0.003  0.002  0.000  0.000
2021-08-07 13:08:35 0.000  0.000 -0.008  0.052 -0.003  0.001  0.059  0.077  0.003  0.002  0.000  0.000
2021-08-07 13:09:11 0.000  0.000 -0.008  0.052 -0.003  0.001  0.059  0.077  0.003  0.002  0.000  0.000
2021-08-07 13:10:41 0.000  0.000 -0.008  0.052 -0.003  0.001  0.057  0.077  0.003  0.002  0.000  0.000
2021-08-07 13:11:45 0.000  0.000 -0.008  0.052 -0.003  0.001  0.074  0.077  0.003  0.002  0.000  0.000
2021-08-07 13:26:38 0.000  0.000 -0.008  0.054 -0.003  0.001  0.074  0.077  0.003  0.002  0.000  0.000
2021-08-07 13:27:15 0.000  0.000 -0.008  0.054 -0.003  0.001  0.074  0.077  0.003  0.002  0.000  0.000
2021-08-07 13:28:45 0.000  0.000 -0.008  0.054 -0.003  0.001 -0.127  0.077  0.003  0.002  0.000  0.000
2021-08-07 13:29:49 0.000  0.000 -0.008  0.054 -0.003  0.001 -0.108  0.077  0.003  0.002  0.000  0.000
2021-08-07 13:54:24 0.000  0.000 -0.008  0.054 -0.003  0.001 -0.108  0.077  0.003  0.002  0.000  0.000
2021-08-07 13:55:00 0.000  0.000 -0.008  0.054 -0.003  0.002 -0.108  0.077  0.003  0.002  0.000  0.000
2021-08-07 13:56:43 0.000  0.000 -0.008  0.054 -0.003  0.002 -0.108  0.077  0.003  0.002  0.000  0.000
2021-08-07 13:57:20 0.000  0.000 -0.008  0.054 -0.003  0.002 -0.108  0.077  0.003  0.002  0.000  0.000
2021-08-07 13:58:50 0.000  0.000 -0.008  0.054 -0.003  0.002  0.090  0.077  0.003  0.002  0.000  0.000
2021-08-07 13:59:53 0.000  0.000 -0.008  0.054 -0.003  0.002  0.075  0.077  0.003  0.002  0.000  0.000
2021-08-07 14:14:49 0.000  0.000 -0.008  0.054 -0.003  0.002  0.075  0.077  0.003  0.002  0.000  0.000
2021-08-07 14:15:26 0.000  0.000 -0.008  0.054 -0.003  0.002  0.075  0.077  0.003  0.002  0.000  0.000
2021-08-07 14:16:56 0.000  0.000 -0.008  0.054 -0.003  0.002  0.073  0.077  0.003  0.002  0.000  0.000
2021-08-07 14:17:59 0.000  0.000 -0.008  0.054 -0.003  0.002  0.050  0.077  0.003  0.002  0.000  0.000
2021-08-07 14:32:52 0.000  0.000 -0.008  0.055 -0.003  0.002  0.050  0.077  0.003  0.002  0.000  0.000
2021-08-07 14:33:29 0.000  0.000 -0.008  0.055 -0.003  0.002  0.050  0.077  0.003  0.002  0.000  0.000
2021-08-07 14:35:00 0.000  0.000 -0.008  0.055 -0.003  0.002  0.049  0.077  0.003  0.002  0.000  0.000
2021-08-07 14:36:04 0.000  0.000 -0.008  0.055 -0.003  0.002  0.065  0.077  0.003  0.002  0.000  0.000
2021-08-07 14:50:58 0.000  0.000 -0.008  0.055 -0.003  0.002  0.065  0.077  0.003  0.002  0.000  0.000
2021-08-07 14:51:34 0.000  0.000 -0.008  0.055 -0.003  0.002  0.065  0.077  0.003  0.002  0.000  0.000
2021-08-07 14:53:04 0.000  0.000 -0.008  0.055 -0.003  0.002 -0.136  0.077  0.003  0.002  0.000  0.000
2021-08-07 14:54:08 0.000  0.000 -0.008  0.055 -0.003  0.002 -0.110  0.077  0.003  0.002  0.000  0.000
2021-08-07 15:25:56 0.000  0.000 -0.008  0.055 -0.003  0.002  0.456  0.077  0.003  0.002  0.000  0.000
2021-08-07 15:28:51 0.000  0.000 -0.008  0.055 -0.003  0.002  0.462  0.077  0.003  0.002  0.000  0.000
2021-08-07 15:47:29 0.000  0.000 -0.008  0.055 -0.003  0.002  0.561  0.077  0.003  0.002  0.000  0.000
2021-08-07 15:48:42 0.000  0.000 -0.008  0.055 -0.003  0.002  0.598  0.077  0.003  0.002  0.000  0.000
2021-08-07 16:47:07 0.000  0.000 -0.008  0.055 -0.003  0.002 -0.103  0.077  0.003  0.002  0.000  0.000
2021-08-07 16:52:10 0.000  0.000 -0.008  0.055 -0.003  0.002  0.096  0.077  0.003  0.002  0.000  0.000
2021-08-07 16:56:13 0.000  0.000 -0.008  0.055 -0.003  0.002  0.095  0.077  0.003  0.002  0.000  0.000
2021-08-07 17:01:20 0.000  0.000 -0.008  0.055 -0.003  0.002  0.092  0.077  0.003  0.002  0.000  0.000
2021-08-07 17:03:54 0.000  0.000 -0.008  0.056 -0.003  0.002  0.092  0.077  0.003  0.002  0.000  0.000
2021-08-07 17:04:30 0.000  0.000 -0.008  0.056 -0.003  0.001  0.092  0.077  0.003  0.002  0.000  0.000
2021-08-07 17:06:24 0.000  0.000 -0.008  0.056 -0.003  0.001  0.090  0.077  0.003  0.002  0.000  0.000
2021-08-07 17:07:48 0.000  0.000 -0.008  0.056 -0.003  0.001  0.065  0.077  0.003  0.002  0.000  0.000
2021-08-07 17:25:16 0.000  0.000 -0.008  0.056 -0.003  0.001  0.064  0.077  0.003  0.002  0.000  0.000
2021-08-07 17:26:41 0.000  0.000 -0.008  0.056 -0.003  0.001  0.082  0.077  0.003  0.002  0.000  0.000
2021-08-07 17:44:09 0.000  0.000 -0.008  0.056 -0.003  0.001  0.081  0.077  0.003  0.002  0.000  0.000
2021-08-07 17:45:34 0.000  0.000 -0.008  0.056 -0.003  0.001  0.105  0.077  0.003  0.002  0.000  0.000
2021-08-07 18:03:02 0.000  0.000 -0.008  0.056 -0.003  0.001 -0.096  0.077  0.003  0.002  0.000  0.000
2021-08-07 18:04:28 0.000  0.000 -0.008  0.056 -0.003  0.001 -0.089  0.077  0.003  0.002  0.000  0.000
2021-08-07 18:58:33 0.000  0.000 -0.008  0.058 -0.003  0.001 -0.089  0.077  0.003  0.002  0.000  0.000
2021-08-07 18:59:10 0.000  0.000 -0.008  0.058 -0.003  0.001 -0.089  0.077  0.003  0.002  0.000  0.000
2021-08-07 19:04:34 0.000  0.000 -0.008  0.058 -0.003  0.001 -0.089  0.077  0.003  0.002  0.000  0.000
2021-08-07 19:05:10 0.000  0.000 -0.008  0.058 -0.003  0.001 -0.089  0.077  0.003  0.002  0.000  0.000
2021-08-07 19:07:03 0.000  0.000 -0.008  0.058 -0.003  0.001  0.010  0.077  0.003  0.002  0.000  0.000
2021-08-07 19:08:28 0.000  0.000 -0.008  0.058 -0.003  0.001  0.034  0.077  0.003  0.002  0.000  0.000
2021-08-07 19:25:57 0.000  0.000 -0.008  0.058 -0.003  0.001  0.034  0.077  0.003  0.002  0.000  0.000
2021-08-07 19:27:23 0.000  0.000 -0.008  0.058 -0.003  0.001  0.062  0.077  0.003  0.002  0.000  0.000
2021-08-07 19:44:49 0.000  0.000 -0.008  0.058 -0.003  0.001  0.061  0.077  0.003  0.002  0.000  0.000
2021-08-07 19:46:14 0.000  0.000 -0.008  0.058 -0.003  0.001  0.085  0.077  0.003  0.002  0.000  0.000
2021-08-07 20:03:43 0.000  0.000 -0.008  0.058 -0.003  0.001 -0.116  0.077  0.003  0.002  0.000  0.000
2021-08-07 20:05:08 0.000  0.000 -0.008  0.058 -0.003  0.001 -0.096  0.077  0.003  0.002  0.000  0.000
2021-08-07 20:31:51 0.000  0.000 -0.008  0.056 -0.003  0.001 -0.096  0.077  0.003  0.002  0.000  0.000
2021-08-07 20:32:28 0.000  0.000 -0.008  0.056 -0.003  0.001 -0.096  0.077  0.003  0.002  0.000  0.000
2021-08-07 20:35:30 0.000  0.000 -0.008  0.056 -0.003  0.001  0.003  0.077  0.003  0.002  0.000  0.000
2021-08-07 20:36:55 0.000  0.000 -0.008  0.056 -0.003  0.001  0.027  0.077  0.003  0.002  0.000  0.000
2021-08-07 20:54:23 0.000  0.000 -0.008  0.056 -0.003  0.001  0.026  0.077  0.003  0.002  0.000  0.000
2021-08-07 20:55:48 0.000  0.000 -0.008  0.056 -0.003  0.001  0.057  0.077  0.003  0.002  0.000  0.000
2021-08-07 21:13:15 0.000  0.000 -0.008  0.056 -0.003  0.001  0.057  0.077  0.003  0.002  0.000  0.000
2021-08-07 21:14:43 0.000  0.000 -0.008  0.056 -0.003  0.001  0.079  0.077  0.003  0.002  0.000  0.000
2021-08-07 22:10:32 0.000  0.000 -0.008  0.053 -0.003  0.001  0.079  0.077  0.003  0.002  0.000  0.000
2021-08-07 22:11:09 0.000  0.000 -0.008  0.053 -0.003  0.002  0.079  0.077  0.003  0.002  0.000  0.000
2021-08-07 22:13:26 0.000  0.000 -0.008  0.053 -0.003  0.002  0.043  0.077  0.003  0.002  0.000  0.000
2021-08-07 22:14:51 0.000  0.000 -0.008  0.053 -0.003  0.002  0.036  0.077  0.003  0.002  0.000  0.000
2021-08-07 22:32:25 0.000  0.000 -0.008  0.053 -0.003  0.002  0.047  0.077  0.003  0.002  0.000  0.000
2021-08-07 22:33:49 0.000  0.000 -0.008  0.053 -0.003  0.002  0.076  0.077  0.003  0.002  0.000  0.000
2021-08-07 22:45:43 0.000  0.000 -0.008  0.051 -0.003  0.002  0.076  0.077  0.003  0.002  0.000  0.000
2021-08-07 22:46:19 0.000  0.000 -0.008  0.051 -0.003  0.001  0.076  0.077  0.003  0.002  0.000  0.000
2021-08-07 23:01:05 0.000  0.000 -0.008  0.051 -0.003  0.002  0.076  0.077  0.003  0.002  0.000  0.000
2021-08-07 23:04:47 0.000  0.000 -0.008  0.051 -0.003  0.002  0.076  0.077  0.003  0.040  0.000  0.000
2021-08-07 23:08:05 0.000  0.000 -0.008  0.051 -0.003  0.002  0.076  0.077  0.003  0.042  0.000  0.000
2021-08-07 23:09:48 0.000  0.000 -0.008  0.051 -0.003  0.002  0.076  0.077  0.003  0.042  0.000  0.000
2021-08-07 23:19:37 0.000  0.000 -0.008  0.051 -0.003  0.002  0.076  0.077  0.003  0.042  0.000  0.000
2021-08-07 23:20:13 0.000  0.000 -0.008  0.051 -0.003  0.002  0.076  0.077  0.003  0.042  0.000  0.000
2021-08-07 23:22:28 0.000  0.000 -0.008  0.051 -0.003  0.002  0.019  0.077  0.003  0.042  0.000  0.000
2021-08-07 23:23:54 0.000  0.000 -0.008  0.051 -0.003  0.002  0.027  0.077  0.003  0.042  0.000  0.000
2021-08-07 23:41:20 0.000  0.000 -0.008  0.051 -0.003  0.002  0.029  0.077  0.003  0.042  0.000  0.000
2021-08-07 23:42:45 0.000  0.000 -0.008  0.051 -0.003  0.002  0.069  0.077  0.003  0.042  0.000  0.000
2021-08-08 00:00:10 0.000  0.000 -0.008  0.051 -0.003  0.002 -0.130  0.077  0.003  0.042  0.000  0.000
2021-08-08 00:01:35 0.000  0.000 -0.008  0.051 -0.003  0.002 -0.092  0.077  0.003  0.042  0.000  0.000
2021-08-08 09:25:36 0.000  0.000 -0.008  0.030 -0.003  0.002 -0.092  0.077  0.003  0.042  0.000  0.000
2021-08-08 09:26:12 0.000  0.000 -0.008  0.030 -0.003  0.002 -0.092  0.077  0.003  0.042  0.000  0.000
2021-08-08 09:29:15 0.000  0.000 -0.008  0.030 -0.003  0.002  0.076  0.077  0.003  0.042  0.000  0.000
2021-08-08 09:30:38 0.000  0.000 -0.008  0.030 -0.003  0.002  0.063  0.077  0.003  0.042  0.000  0.000
2021-08-08 09:40:59 0.000  0.000 -0.008  0.030 -0.003  0.002  0.062  0.077  0.003  0.042  0.000  0.000
2021-08-08 09:46:06 0.000  0.000 -0.008  0.030 -0.003  0.002  0.061  0.077  0.003  0.042  0.000  0.000
2021-08-08 09:50:33 0.000  0.000 -0.008  0.030 -0.003  0.002  0.060  0.077  0.003  0.042  0.000  0.000
2021-08-08 09:54:35 0.000  0.000 -0.008  0.030 -0.003  0.002 -0.139  0.077  0.003  0.042  0.000  0.000
2021-08-08 09:57:56 0.000  0.000 -0.008  0.030 -0.003  0.002 -0.138  0.077  0.003  0.042  0.000  0.000
2021-08-08 10:00:45 0.000  0.000 -0.008  0.034 -0.003  0.002 -0.138  0.077  0.003  0.042  0.000  0.000
2021-08-08 10:34:39 0.000  0.000 -0.008  0.034 -0.003  0.001 -0.138  0.077  0.003  0.042  0.000  0.000
2021-08-08 10:35:56 0.000  0.000 -0.008  0.034 -0.003  0.001 -0.138  0.077  0.003  0.041  0.000  0.000
2021-08-08 10:38:12 0.000  0.000 -0.008  0.034 -0.003  0.001 -0.138  0.077  0.003  0.041  0.000  0.000
2021-08-08 10:38:55 0.000  0.000 -0.008  0.035 -0.003  0.001 -0.138  0.077  0.003  0.041  0.000  0.000
2021-08-08 10:39:31 0.000  0.000 -0.008  0.035 -0.003  0.001 -0.138  0.077  0.003  0.041  0.000  0.000
2021-08-08 10:45:15 0.000  0.000 -0.008  0.035 -0.003  0.001 -0.138  0.077  0.003  0.041  0.000  0.000
2021-08-08 10:45:53 0.000  0.000 -0.008  0.035 -0.003  0.001 -0.138  0.077  0.003  0.041  0.000  0.000
2021-08-08 10:47:50 0.000  0.000 -0.008  0.035 -0.003  0.001  0.060  0.077  0.003  0.041  0.000  0.000
2021-08-08 10:49:13 0.000  0.000 -0.008  0.035 -0.003  0.001  0.042  0.077  0.003  0.041  0.000  0.000
2021-08-08 11:06:45 0.000  0.000 -0.008  0.035 -0.003  0.001  0.041  0.077  0.003  0.041  0.000  0.000
2021-08-08 11:08:10 0.000  0.000 -0.008  0.035 -0.003  0.001  0.052  0.077  0.003  0.041  0.000  0.000
2021-08-08 11:25:38 0.000  0.000 -0.008  0.035 -0.003  0.001  0.051  0.077  0.003  0.041  0.000  0.000
2021-08-08 11:27:03 0.000  0.000 -0.008  0.035 -0.003  0.001  0.059  0.077  0.003  0.041  0.000  0.000
2021-08-08 11:44:31 0.000  0.000 -0.008  0.035 -0.003  0.001 -0.141  0.077  0.003  0.041  0.000  0.000
2021-08-08 11:45:56 0.000  0.000 -0.008  0.035 -0.003  0.001 -0.111  0.077  0.003  0.041  0.000  0.000
2021-08-08 12:10:29 0.000  0.000 -0.008  0.039 -0.003  0.001 -0.111  0.077  0.003  0.041  0.000  0.000
2021-08-08 12:11:06 0.000  0.000 -0.008  0.039 -0.003  0.001 -0.111  0.077  0.003  0.041  0.000  0.000
2021-08-08 12:14:10 0.000  0.000 -0.008  0.039 -0.003  0.001 -0.012  0.077  0.003  0.041  0.000  0.000
2021-08-08 12:15:35 0.000  0.000 -0.008  0.039 -0.003  0.001  0.011  0.077  0.003  0.041  0.000  0.000
2021-08-08 12:33:05 0.000  0.000 -0.008  0.039 -0.003  0.001  0.010  0.077  0.003  0.041  0.000  0.000
2021-08-08 12:34:30 0.000  0.000 -0.008  0.039 -0.003  0.001  0.028  0.077  0.003  0.041  0.000  0.000
2021-08-08 12:52:00 0.000  0.000 -0.008  0.039 -0.003  0.001  0.027  0.077  0.003  0.041  0.000  0.000
2021-08-08 12:53:25 0.000  0.000 -0.008  0.039 -0.003  0.001  0.039  0.077  0.003  0.041  0.000  0.000
2021-08-08 13:10:55 0.000  0.000 -0.008  0.039 -0.003  0.001 -0.161  0.077  0.003  0.041  0.000  0.000
2021-08-08 13:12:20 0.000  0.000 -0.008  0.039 -0.003  0.001 -0.126  0.077  0.003  0.041  0.000  0.000
2021-08-08 14:02:25 0.000  0.000 -0.008  0.040 -0.003  0.001 -0.126  0.077  0.003  0.041  0.000  0.000
2021-08-08 14:03:01 0.000  0.000 -0.008  0.040 -0.003  0.001 -0.126  0.077  0.003  0.041  0.000  0.000
2021-08-08 14:06:05 0.000  0.000 -0.008  0.040 -0.003  0.001 -0.027  0.077  0.003  0.041  0.000  0.000
2021-08-08 14:07:31 0.000  0.000 -0.008  0.040 -0.003  0.001 -0.009  0.077  0.003  0.041  0.000  0.000
2021-08-08 14:25:45 0.000  0.000 -0.008  0.040 -0.003  0.001 -0.010  0.077  0.003  0.041  0.000  0.000
2021-08-08 14:27:10 0.000  0.000 -0.008  0.040 -0.003  0.001  0.022  0.077  0.003  0.041  0.000  0.000
2021-08-08 14:45:23 0.000  0.000 -0.008  0.040 -0.003  0.001  0.021  0.077  0.003  0.041  0.000  0.000
2021-08-08 14:46:48 0.000  0.000 -0.008  0.040 -0.003  0.001  0.032  0.077  0.003  0.041  0.000  0.000
2021-08-08 15:05:01 0.000  0.000 -0.008  0.040 -0.003  0.001 -0.165  0.077  0.003  0.041  0.000  0.000
2021-08-08 15:06:26 0.000  0.000 -0.008  0.040 -0.003  0.001 -0.126  0.077  0.003  0.041  0.000  0.000
2021-08-08 15:47:25 0.000  0.000 -0.008  0.040 -0.003  0.001 -0.027  0.077  0.003  0.041  0.000  0.000
2021-08-08 15:51:20 0.000  0.000 -0.008  0.040 -0.003  0.001  0.062  0.077  0.003  0.041  0.000  0.000
2021-08-08 15:53:09 0.000  0.000 -0.008  0.039 -0.003  0.001  0.062  0.077  0.003  0.041  0.000  0.000
2021-08-08 15:53:46 0.000  0.000 -0.008  0.039 -0.003  0.001  0.062  0.077  0.003  0.041  0.000  0.000
2021-08-08 15:55:39 0.000  0.000 -0.008  0.039 -0.003  0.001  0.055  0.077  0.003  0.041  0.000  0.000
2021-08-08 15:57:03 0.000  0.000 -0.008  0.039 -0.003  0.001  0.023  0.077  0.003  0.041  0.000  0.000
2021-08-08 16:15:16 0.000  0.000 -0.008  0.039 -0.003  0.001 -0.077  0.077  0.003  0.041  0.000  0.000
2021-08-08 16:16:41 0.000  0.000 -0.008  0.039 -0.003  0.001 -0.044  0.077  0.003  0.041  0.000  0.000
2021-08-08 16:38:03 0.000  0.000 -0.008  0.038 -0.003  0.001 -0.044  0.077  0.003  0.041  0.000  0.000
2021-08-08 16:38:40 0.000  0.000 -0.008  0.038 -0.003  0.001 -0.044  0.077  0.003  0.041  0.000  0.000
2021-08-08 16:40:58 0.000  0.000 -0.008  0.038 -0.003  0.001 -0.031  0.077  0.003  0.041  0.000  0.000
2021-08-08 16:42:24 0.000  0.000 -0.008  0.038 -0.003  0.001  0.001  0.077  0.003  0.041  0.000  0.000
2021-08-08 17:00:40 0.000  0.000 -0.008  0.038 -0.003  0.001 -0.099  0.077  0.003  0.041  0.000  0.000
2021-08-08 17:02:06 0.000  0.000 -0.008  0.038 -0.003  0.001 -0.064  0.077  0.003  0.041  0.000  0.000
2021-08-08 17:25:28 0.000  0.000 -0.008  0.038 -0.003  0.001 -0.064  0.077  0.003  0.041  0.000  0.000
2021-08-08 17:26:05 0.000  0.000 -0.008  0.038 -0.003  0.001 -0.064  0.077  0.003  0.041  0.000  0.000
2021-08-08 17:28:22 0.000  0.000 -0.008  0.038 -0.003  0.001  0.030  0.077  0.003  0.041  0.000  0.000
2021-08-08 17:29:46 0.000  0.000 -0.008  0.038 -0.003  0.001 -0.002  0.077  0.003  0.041  0.000  0.000
2021-08-08 17:47:58 0.000  0.000 -0.008  0.038 -0.003  0.001 -0.101  0.077  0.003  0.041  0.000  0.000
2021-08-08 17:49:24 0.000  0.000 -0.008  0.038 -0.003  0.001 -0.066  0.077  0.003  0.041  0.000  0.000
2021-08-08 19:09:38 0.000  0.000 -0.008  0.038 -0.003  0.001 -0.070  0.077  0.003  0.041  0.000  0.000
2021-08-08 19:18:55 0.000  0.000 -0.008  0.038 -0.003  0.001  0.125  0.077  0.003  0.041  0.000  0.000
2021-08-08 19:22:42 0.000  0.000 -0.008  0.038 -0.003  0.001  0.024  0.077  0.003  0.041  0.000  0.000
2021-08-08 19:26:12 0.000  0.000 -0.008  0.038 -0.003  0.001  0.023  0.077  0.003  0.041  0.000  0.000
2021-08-08 19:28:20 0.000  0.000 -0.008  0.046 -0.003  0.001  0.023  0.077  0.003  0.041  0.000  0.000
2021-08-08 19:28:56 0.000  0.000 -0.008  0.046 -0.003 -0.001  0.023  0.077  0.003  0.041  0.000  0.000
2021-08-08 19:30:50 0.000  0.000 -0.008  0.046 -0.003 -0.001  0.022  0.077  0.003  0.041  0.000  0.000
2021-08-08 19:32:16 0.000  0.000 -0.008  0.046 -0.003 -0.001  0.035  0.077  0.003  0.041  0.000  0.000
2021-08-08 19:50:25 0.000  0.000 -0.008  0.046 -0.003 -0.001  0.034  0.077  0.003  0.041  0.000  0.000
2021-08-08 19:51:50 0.000  0.000 -0.008  0.046 -0.003 -0.001  0.048  0.077  0.003  0.041  0.000  0.000
2021-08-08 20:10:02 0.000  0.000 -0.008  0.046 -0.003 -0.001  0.053  0.077  0.003  0.041  0.000  0.000
2021-08-08 20:11:28 0.000  0.000 -0.008  0.046 -0.003 -0.001  0.094  0.077  0.003  0.041  0.000  0.000
2021-08-08 20:29:40 0.000  0.000 -0.008  0.046 -0.003 -0.001 -0.108  0.077  0.003  0.041  0.000  0.000
2021-08-08 20:31:05 0.000  0.000 -0.008  0.046 -0.003 -0.001 -0.104  0.077  0.003  0.041  0.000  0.000
2021-08-08 20:53:39 0.000  0.000 -0.008  0.044 -0.003 -0.001 -0.104  0.077  0.003  0.041  0.000  0.000
2021-08-08 20:54:15 0.000  0.000 -0.008  0.044 -0.003 -0.001 -0.104  0.077  0.003  0.041  0.000  0.000
2021-08-08 20:57:20 0.000  0.000 -0.008  0.044 -0.003 -0.001 -0.005  0.077  0.003  0.041  0.000  0.000
2021-08-08 20:58:45 0.000  0.000 -0.008  0.044 -0.003 -0.001 -0.003  0.077  0.003  0.041  0.000  0.000
2021-08-08 21:16:59 0.000  0.000 -0.008  0.044 -0.003 -0.001 -0.004  0.077  0.003  0.041  0.000  0.000
2021-08-08 21:18:24 0.000  0.000 -0.008  0.044 -0.003 -0.001  0.016  0.077  0.003  0.041  0.000  0.000
2021-08-08 21:36:36 0.000  0.000 -0.008  0.044 -0.003 -0.001  0.035  0.077  0.003  0.041  0.000  0.000
2021-08-08 21:38:01 0.000  0.000 -0.008  0.044 -0.003 -0.001  0.065  0.077  0.003  0.041  0.000  0.000
2021-08-08 21:56:12 0.000  0.000 -0.008  0.044 -0.003 -0.001 -0.136  0.077  0.003  0.041  0.000  0.000
2021-08-08 21:57:37 0.000  0.000 -0.008  0.044 -0.003 -0.001 -0.122  0.077  0.003  0.041  0.000  0.000
2021-08-08 22:24:40 0.000  0.000 -0.008  0.046 -0.003 -0.001 -0.122  0.077  0.003  0.041  0.000  0.000
2021-08-08 22:25:16 0.000  0.000 -0.008  0.046 -0.003 -0.002 -0.122  0.077  0.003  0.041  0.000  0.000
2021-08-08 22:28:20 0.000  0.000 -0.008  0.046 -0.003 -0.002 -0.023  0.077  0.003  0.041  0.000  0.000
2021-08-08 22:29:46 0.000  0.000 -0.008  0.046 -0.003 -0.002 -0.008  0.077  0.003  0.041  0.000  0.000
2021-08-08 22:43:06 0.000  0.000 -0.008  0.046 -0.003 -0.002 -0.009  0.077  0.003  0.041  0.000  0.000
2021-08-08 22:44:31 0.000  0.000 -0.008  0.046 -0.003 -0.002  0.018  0.077  0.003  0.041  0.000  0.000
2021-08-08 22:57:55 0.000  0.000 -0.008  0.046 -0.003 -0.002  0.030  0.077  0.003  0.041  0.000  0.000
2021-08-08 22:59:20 0.000  0.000 -0.008  0.046 -0.003 -0.002  0.066  0.077  0.003  0.041  0.000  0.000
2021-08-08 23:12:40 0.000  0.000 -0.008  0.046 -0.003 -0.002 -0.135  0.077  0.003  0.041  0.000  0.000
2021-08-08 23:14:05 0.000  0.000 -0.008  0.046 -0.003 -0.002 -0.116  0.077  0.003  0.041  0.000  0.000
2021-08-08 23:47:45 0.000  0.000 -0.008  0.046 -0.003 -0.002 -0.017  0.077  0.003  0.041  0.000  0.000
2021-08-08 23:51:27 0.000  0.000 -0.008  0.046 -0.003 -0.002  0.077  0.077  0.003  0.041  0.000  0.000
2021-08-08 23:54:50 0.000  0.000 -0.008  0.046 -0.003 -0.002  0.077  0.077  0.003  0.041  0.000  0.000
2021-08-09 00:58:12 0.000  0.000 -0.008  0.047 -0.003 -0.002  0.077  0.077  0.003  0.041  0.000  0.000
2021-08-09 00:58:55 0.000  0.000 -0.008  0.047 -0.003 -0.003  0.077  0.077  0.003  0.041  0.000  0.000
2021-08-09 01:00:52 0.000  0.000 -0.008  0.047 -0.003 -0.003 -0.016  0.077  0.003  0.041  0.000  0.000
2021-08-09 01:02:17 0.000  0.000 -0.008  0.047 -0.003 -0.003  0.021  0.077  0.003  0.041  0.000  0.000
2021-08-09 01:15:42 0.000  0.000 -0.008  0.047 -0.003 -0.003 -0.076  0.077  0.003  0.041  0.000  0.000
2021-08-09 01:17:07 0.000  0.000 -0.008  0.047 -0.003 -0.003 -0.039  0.077  0.003  0.041  0.000  0.000
2021-08-09 01:36:05 0.000  0.000 -0.008  0.046 -0.003 -0.003 -0.039  0.077  0.003  0.041  0.000  0.000
2021-08-09 01:36:42 0.000  0.000 -0.008  0.046 -0.003 -0.002 -0.039  0.077  0.003  0.041  0.000  0.000
2021-08-09 01:39:01 0.000  0.000 -0.008  0.046 -0.003 -0.002 -0.002  0.077  0.003  0.041  0.000  0.000
2021-08-09 01:40:26 0.000  0.000 -0.008  0.046 -0.003 -0.002  0.007  0.077  0.003  0.041  0.000  0.000
2021-08-09 01:53:48 0.000  0.000 -0.008  0.046 -0.003 -0.002 -0.076  0.077  0.003  0.041  0.000  0.000
2021-08-09 01:55:13 0.000  0.000 -0.008  0.046 -0.003 -0.002 -0.055  0.077  0.003  0.041  0.000  0.000
2021-08-09 02:03:12 0.000  0.000 -0.008  0.048 -0.003 -0.002 -0.055  0.077  0.003  0.041  0.000  0.000
2021-08-09 02:03:49 0.000  0.000 -0.008  0.048 -0.003 -0.002 -0.055  0.077  0.003  0.041  0.000  0.000
2021-08-09 02:06:09 0.000  0.000 -0.008  0.048 -0.003 -0.002  0.011  0.077  0.003  0.041  0.000  0.000
2021-08-09 02:08:05 0.000  0.000 -0.008  0.048 -0.003 -0.002  0.011  0.077  0.003  0.078  0.000  0.000
2021-08-09 02:10:45 0.000  0.000 -0.008  0.048 -0.003 -0.002  0.009  0.077  0.003  0.078  0.000  0.000
2021-08-09 02:11:29 0.000  0.000 -0.008  0.048 -0.003 -0.002  0.009  0.077  0.003  0.078  0.000  0.000
2021-08-09 02:12:06 0.000  0.000 -0.008  0.048 -0.003 -0.002  0.009  0.077  0.003  0.078  0.000  0.000
2021-08-09 02:13:56 0.000  0.000 -0.008  0.048 -0.003 -0.002  0.008  0.077  0.003  0.078  0.000  0.000
2021-08-09 02:15:21 0.000  0.000 -0.008  0.048 -0.003 -0.002  0.001  0.077  0.003  0.078  0.000  0.000
2021-08-09 02:28:45 0.000  0.000 -0.008  0.048 -0.003 -0.002 -0.092  0.077  0.003  0.078  0.000  0.000
2021-08-09 02:30:10 0.000  0.000 -0.008  0.048 -0.003 -0.002 -0.055  0.077  0.003  0.078  0.000  0.000
2021-08-09 02:46:35 0.000  0.000 -0.008  0.048 -0.003 -0.002 -0.055  0.077  0.003  0.078  0.000  0.000
2021-08-09 02:47:11 0.000  0.000 -0.008  0.048 -0.003 -0.002 -0.055  0.077  0.003  0.078  0.000  0.000
2021-08-09 02:49:28 0.000  0.000 -0.008  0.048 -0.003 -0.002  0.037  0.077  0.003  0.078  0.000  0.000
2021-08-09 02:50:51 0.000  0.000 -0.008  0.048 -0.003 -0.002  0.006  0.077  0.003  0.078  0.000  0.000
2021-08-09 03:01:47 0.000  0.000 -0.008  0.048 -0.003 -0.002  0.006  0.077  0.003  0.118  0.000  0.000
2021-08-09 03:02:26 0.000  0.000 -0.008  0.048 -0.003 -0.002  0.006  0.077  0.003  0.118  0.000  0.000
2021-08-09 03:03:01 0.000  0.000 -0.008  0.048 -0.003 -0.002  0.006  0.077  0.003  0.118  0.000  0.000
2021-08-09 03:04:51 0.000  0.000 -0.008  0.048 -0.003 -0.002  0.005  0.077  0.003  0.118  0.000  0.000
2021-08-09 03:06:13 0.000  0.000 -0.008  0.048 -0.003 -0.002  0.004  0.077  0.003  0.118  0.000  0.000
2021-08-09 03:14:22 0.000  0.000 -0.008  0.048 -0.003 -0.002  0.004  0.077  0.003  0.159  0.000  0.000
2021-08-09 03:16:16 0.000  0.000 -0.008  0.048 -0.003 -0.002  0.003  0.077  0.003  0.159  0.000  0.000
2021-08-09 03:16:56 0.000  0.000 -0.008  0.048 -0.003 -0.002  0.003  0.077  0.003  0.159  0.000  0.000
2021-08-09 03:20:13 0.000  0.000 -0.008  0.048 -0.003 -0.003  0.003  0.077  0.003  0.159  0.000  0.000
2021-08-09 03:22:05 0.000  0.000 -0.008  0.048 -0.003 -0.003  0.001  0.077  0.003  0.159  0.000  0.000
2021-08-09 03:24:29 0.000  0.000 -0.008  0.048 -0.003 -0.003  0.001  0.077  0.003  0.199  0.000  0.000
2021-08-09 03:25:53 0.000  0.000 -0.008  0.048 -0.003 -0.003  0.001  0.077  0.003  0.199  0.000  0.000
2021-08-09 03:27:10 0.000  0.000 -0.008  0.048 -0.003 -0.003  0.001  0.077  0.003  0.199  0.000  0.000
2021-08-09 03:29:04 0.000  0.000 -0.008  0.048 -0.003 -0.003 -0.000  0.077  0.003  0.199  0.000  0.000
2021-08-09 03:32:00 0.000  0.000 -0.008  0.048 -0.003 -0.003 -0.000  0.077  0.003  0.239  0.000  0.000
2021-08-09 03:34:18 0.000  0.000 -0.008  0.048 -0.003 -0.003 -0.001  0.077  0.003  0.239  0.000  0.000
2021-08-09 03:35:44 0.000  0.000 -0.008  0.048 -0.003 -0.003 -0.001  0.077  0.003  0.239  0.000  0.000
2021-08-09 03:49:11 0.000  0.000 -0.008  0.048 -0.003 -0.003 -0.098  0.077  0.003  0.239  0.000  0.000
2021-08-09 03:50:36 0.000  0.000 -0.008  0.048 -0.003 -0.003 -0.082  0.077  0.003  0.239  0.000  0.000
2021-08-09 03:52:56 0.000  0.000 -0.008  0.048 -0.003 -0.003 -0.082  0.077  0.003  0.279  0.000  0.000
2021-08-09 03:53:59 0.000  0.000 -0.008  0.047 -0.003 -0.003 -0.082  0.077  0.003  0.279  0.000  0.000
2021-08-09 03:54:45 0.000  0.000 -0.008  0.047 -0.003 -0.003 -0.082  0.077  0.003  0.279  0.000  0.000
2021-08-09 03:58:50 0.000  0.000 -0.008  0.047 -0.003 -0.003 -0.082  0.077  0.003  0.279  0.000  0.000
2021-08-09 10:43:45   phi   phix    chi     ih     ia    tth     sh     oh     oa  astth tab1.x tab1.y
2021-08-09 10:43:45 0.000  0.000 -0.008  0.047 -0.003 -0.003 -0.082  0.077  0.003  0.279  0.000  0.000
2021-08-09 10:43:50 0.000  0.000 -0.008  0.047 -0.003 -0.003 -0.082  0.077  0.003  0.279  0.000  0.000
2021-08-09 10:43:52   phi   phix    chi     ih     ia    tth     sh     oh     oa  astth tab1.x tab1.y
2021-08-09 10:43:52 0.000  0.000 -0.008  0.047 -0.003 -0.003 -0.082  0.077  0.003  0.279  0.000  0.000
2021-08-09 10:44:15 0.000  0.000 -0.008  0.047 -0.003 -0.003 -0.082  0.077  0.003  0.279  0.000  0.000
2021-08-09 10:44:17   phi   phix    chi     ih     ia    tth     sh     oh     oa  astth tab1.x tab1.y
2021-08-09 10:44:17 0.000  0.000 -0.008  0.047 -0.003 -0.003 -0.082  0.077  0.003  0.279  0.000  0.000
2021-08-09 10:44:42 0.000  0.000 -0.008  0.047 -0.003 -0.003 -0.082  0.077  0.003  0.279  0.000  0.000
2021-08-09 10:44:46 0.000  0.000 -0.008  0.047 -0.003 -0.003 -0.082  0.077  0.003  0.279  0.000  0.000
2021-08-09 10:44:47 0.000  0.000 -0.008  0.047 -0.003 -0.003 -0.082  0.077  0.003  0.279  0.000  0.000
2021-08-09 10:44:47   phi   phix    chi     ih     ia    tth     sh     oh     oa  astth tab1.x tab1.y
2021-08-09 10:44:47 0.000  0.000 -0.008  0.047 -0.003 -0.003 -0.082  0.077  0.003  0.279  0.000  0.000
2021-08-09 10:44:48 0.000  0.000 -0.008  0.047 -0.003 -0.003 -0.082  0.077  0.003  0.279  0.000  0.000
2021-08-09 10:44:49 0.000  0.000 -0.008  0.047 -0.003 -0.003 -0.082  0.077  0.003  0.279  0.000  0.000
2021-08-09 10:44:52 0.000  0.000 -0.008  0.047 -0.003 -0.003 -0.082  0.077  0.003  0.279  0.000  0.000
2021-08-09 10:44:53 0.000  0.000 -0.008  0.047 -0.003 -0.003 -0.082  0.077  0.003  0.279  0.000  0.000
2021-08-09 10:44:53 0.000  0.000 -0.008  0.047 -0.003 -0.003 -0.082  0.077  0.003  0.279  0.000  0.000
2021-08-09 10:44:54 0.000  0.000 -0.008  0.047 -0.003 -0.003 -0.082  0.077  0.003  0.279  0.000  0.000
2021-08-09 10:44:55 0.000  0.000 -0.008  0.047 -0.003 -0.003 -0.082  0.077  0.003  0.279  0.000  0.000
2021-08-09 10:44:56 0.000  0.000 -0.008  0.047 -0.003 -0.003 -0.082  0.077  0.003  0.279  0.000  0.000
2021-08-09 10:44:57 0.000  0.000 -0.008  0.047 -0.003 -0.003 -0.082  0.077  0.003  0.279  0.000  0.000
2021-08-09 10:44:58   phi   phix    chi     ih     ia    tth     sh     oh     oa  astth tab1.x tab1.y
2021-08-09 10:44:58 0.000  0.000 -0.008  0.047 -0.003 -0.003 -0.082  0.077  0.003  0.279  0.000  0.000
2021-08-09 10:44:59 0.000  0.000 -0.008  0.047 -0.003 -0.003 -0.082  0.077  0.003  0.279  0.000  0.000
2021-08-09 10:45:00 0.000  0.000 -0.008  0.047 -0.003 -0.003 -0.082  0.077  0.003  0.279  0.000  0.000
2021-08-09 10:45:01 0.000  0.000 -0.008  0.047 -0.003 -0.003 -0.082  0.077  0.003  0.279  0.000  0.000
2021-08-09 10:45:01 0.000  0.000 -0.008  0.047 -0.003 -0.003 -0.082  0.077  0.003  0.279  0.000  0.000
2021-08-09 10:45:02 0.000  0.000 -0.008  0.047 -0.003 -0.003 -0.082  0.077  0.003  0.279  0.000  0.000
2021-08-09 10:45:03 0.000  0.000 -0.008  0.047 -0.003 -0.003 -0.082  0.077  0.003  0.279  0.000  0.000
2021-08-09 10:45:03 0.000  0.000 -0.008  0.047 -0.003 -0.003 -0.082  0.077  0.003  0.279  0.000  0.000
2021-08-09 10:45:04 0.000  0.000 -0.008  0.047 -0.003 -0.003 -0.082  0.077  0.003  0.279  0.000  0.000
2021-08-09 10:45:05 0.000  0.000 -0.008  0.047 -0.003 -0.003 -0.082  0.077  0.003  0.279  0.000  0.000
2021-08-09 11:13:12   phi   phix    chi     ih     ia    tth     sh     oh     oa  astth tab1.x tab1.y
2021-08-09 11:13:12 0.000  0.000 -0.008  0.047 -0.003 -0.003 -0.082  0.077  0.003  0.279  0.000  0.000
2021-08-11 10:23:32 0.000  0.000 -0.008  0.047 -0.003 -0.003 -1.082  0.077  0.003  0.279  0.000  0.000
2021-08-11 10:23:40 0.000  0.000 -0.008  0.047 -0.003 -0.003 -0.082  0.077  0.003  0.279  0.000  0.000
2021-08-11 10:24:56 0.000  0.000 -0.008  0.047 -0.003 -0.003 -1.082  0.077  0.003  0.279  0.000  0.000
2021-08-11 10:26:28 0.000  0.000 -0.008  0.047 -0.003 -0.003 -1.082  0.077  0.003  0.279  0.000  0.000
2021-08-11 10:26:38 0.000  0.000 -0.008  0.047 -0.003 -0.003 -0.082  0.077  0.003  0.279  0.000  0.000
